[circle.jpg]
moddate=9c45986cd91bd201
width=250
height=250
text=1;142;15;School Students;Meiryo UI;0.078562,0.422414,0.107176,0.000000;v1,4294967295,4294967295,128.000000,1.000000,0.000000,1.000000,400,256,49152;;
textactive=1
